sid group hw1 hw2 reason
181205023121  1 99 99
181205023140  1 99 99
181205023131  2 99  ? -no
181205023143  2 99  ?
181205023112  3 99  ? -no
181205023141  3 99  ?
181205023102  4 99  ? -no
181205023129  4 99  ?
181205023124  5 99 99
181205023139  5 99 99
181205023110  6 99 99
181205023138  6 99 99
181205023134  7 99 99
181205023135  7 99 99
181205023115  8 99 99
181205023116  8 99 99
181205023101  9 99 99
181205023144  9 99 99
181205023104 10 99 99
181205023111 10 99 99
181205023114 11 99  ? -no
181205023125 11 99  ?
181205023105 12 99 99
181205023106 12 99 99
181205023109 13 99 99
181205023117 13 99 99
181205023113 14 99 85 --sudoers
181205023122 14 99 85
181205023120 15 99 99
181205023123 15 99 99
181205023118 16 99  ? -- login fail
181205023142 16 99  ?
181205023130 17 99 99
181205023136 17 99 99
181205023126 18 99 99
181205023132 18 99 99
181205023107 19 99 99
181205023128 19 99 99
181205023103 20 99 99
181205023127 20 99 99
181205023137 20 99 99
